34.94365              -119.7953333          -80.9                 
34.94365              -119.2928333          -52.7                 
34.9438333            -119.9943333          -52.68                
34.9438333            -119.6651667          -97.6                 
34.9438333            -119.459              -76.2                 
34.944                -119.4591667          -76.1                 
34.9441667            -119.4101667          -75.36                
34.9443167            -119.18565            -55.7                 
34.9444833            -119.7344833          -90.1                 
34.9444833            -119.5433167          -92.5                 
34.9446667            -119.5435             -92.41                
34.9448167            -119.3441667          -54.3                 
34.94515              -119.5241667          -87.9                 
34.9453333            -119.9681667          -63.59                
34.9453333            -119.57065            -95.5                 
34.9453333            -119.5243333          -87.78                
34.9453333            -119.3833333          -69.19                
34.9455               -119.5708333          -95.32                
34.9455               -119.3585             -57.16                
34.9458333            -119.6824833          -96.8                 
34.946                -119.6826667          -96.65                
34.94615              -119.7166667          -92.3                 
34.94615              -119.2784833          -58.3                 
34.94615              -119.2033167          -54.6                 
34.94615              -119.19315            -56.1                 
34.9463167            -119.32015            -55.1                 
34.9463333            -119.2035             -54.5                 
34.9464833            -119.6498333          -97.8                 
34.9464833            -119.2023333          -54.6                 
34.9466667            -119.65               -97.66                
34.9468167            -119.18065            -60.9                 
34.9469833            -119.7634833          -86                   
34.947                -119.1808333          -60.8                 
34.94715              -119.1543333          -66.6                 
34.9471667            -119.7636667          -85.85                
34.9473167            -119.5858167          -96.6                 
34.9473167            -119.2418333          -61.7                 
34.9476667            -119.4543333          -73.7                 
34.9476667            -119.4006667          -74.07                
34.9478333            -119.4545             -73.6                 
34.9478333            -119.1658333          -65.14                
34.9478333            -119.1593333          -66.13                
34.9479833            -119.4539833          -73.7                 
34.9479833            -119.2318333          -61                   
34.94815              -119.3113167          -54.9                 
34.9481667            -119.4541667          -73.55                
34.9481667            -119.232              -60.94                
34.9483333            -119.2618333          -64.57                
34.9484833            -119.6891667          -95.3                 
34.94865              -119.22765            -61.8                 
34.9486667            -119.6893333          -95.18                
34.9488167            -119.81115            -74.4                 
34.9488167            -119.6023333          -97.8                 
34.9488167            -119.3094833          -55.8                 
34.949                -119.8113333          -74.24                
34.949                -119.6025             -97.67                
34.9491667            -119.8333333          -71.66                
34.9491667            -119.4196667          -76.4                 
34.9494833            -119.2146667          -61.6                 
34.9496667            -119.917              -73.04                
34.9496667            -119.7493333          -88.65                
34.95                 -119.4525             -72.64                
34.9503333            -119.871              -72.71                
34.9504833            -119.6198333          -98.1                 
34.9508333            -119.3328333          -54.68                
34.9508333            -119.184              -64.72                
34.9509833            -119.4503333          -72.3                 
34.9511667            -119.4505             -72.26                
34.9513333            -119.696              -94.37                
34.9513333            -119.1431667          -71.66                
34.9516667            -119.648              -97.87                
34.9521667            -119.2473333          -69.14                
34.9523167            -119.8509833          -72.2                 
34.9524833            -119.3993333          -71.8                 
34.9524833            -119.2891667          -60.3                 
34.9526667            -119.2893333          -60.21                
34.9529833            -119.1204833          -81.7                 
34.953                -119.7681667          -77.96                
34.95315              -119.3965             -72.7                 
34.95315              -119.00815            -83                   
34.9533333            -119.4298333          -75.6                 
34.9533333            -119.3651667          -62.37                
34.9533333            -119.0083333          -82.91                
34.9534833            -119.026              -93.9                 
34.9535               -119.43               -75.47                
34.9003333            -119.9806667          -51.63                
34.9003333            -119.4193333          -75.43                
34.9004833            -119.7166667          -89.9                 
34.9014833            -119.4879833          -93.3                 
34.9014833            -119.36715            -65.7                 
34.9016667            -119.7936667          -77.88                
34.9016667            -119.3673333          -65.66                
34.9016667            -119.3645             -66.77                
34.9021667            -119.8578333          -79.66                
34.9021667            -119.8576667          -79.81                
34.9024833            -119.7333167          -86.7                 
34.90265              -119.72315            -89.5                 
34.90315              -119.3723333          -67.1                 
34.9033333            -119.2876667          -58.37                
34.90365              -119.2264833          -52.8                 
34.9041667            -119.3079833          -54.1                 
34.9041667            -119.175              -64.37                
34.9041667            -119.1549833          -52                   
34.9043333            -119.3081667          -54                   
34.9043333            -119.1551667          -51.92                
34.9046667            -119.9161667          -65.22                
34.905                -119.3733333          -65.87                
34.9051667            -119.082              -56.6                 
34.9053333            -119.0821667          -56.42                
34.9054833            -119.4359833          -79                   
34.90565              -119.06665            -56.9                 
34.9056667            -119.8841667          -77.4                 
34.9068167            -119.3843333          -66.2                 
34.907                -119.7678333          -78.7                 
34.907                -119.577              -102.92               
34.907                -119.4598333          -87.2                 
34.9071667            -119.768              -78.59                
34.9071667            -119.46               -87.08                
34.9071667            -119.045              -61.62                
34.9073167            -119.1079833          -54.1                 
34.9073167            -119.0036667          -69.3                 
34.9074833            -119.1328333          -83.3                 
34.9084833            -119.9355             -57.6                 
34.9084833            -119.02865            -62.8                 
34.9086667            -119.0288333          -62.77                
34.9088333            -119.5095             -96.41                
34.9088833            -119.5094333          -96.5                 
34.9091667            -119.3621667          -62.75                
34.9094833            -119.8116667          -75.2                 
34.9094833            -119.7363167          -87.6                 
34.9096667            -119.362              -62.03                
34.9098167            -119.9958167          -55.8                 
34.9098167            -119.7004833          -93                   
34.91015              -119.2634833          -47.8                 
34.9103333            -119.8866667          -73.31                
34.9103333            -119.7215             -92.79                
34.9104833            -119.3353333          -62.4                 
34.91065              -119.1914833          -47.6                 
34.911                -119.394              -67.13                
34.9113333            -119.3515             -61.11                
34.9114833            -119.2108167          -47.4                 
34.9116667            -119.211              -47.33                
34.9128333            -119.5328333          -98.6                 
34.9128333            -119.2491667          -41.35                
34.913                -119.533              -98.56                
34.9131667            -119.6781667          -96.84                
34.9131667            -119.2278333          -44.78                
34.9134833            -119.6189833          -104.5                
34.9141667            -119.6365             -103.65               
34.9141667            -119.555              -101.12               
34.9148167            -119.16315            -54.3                 
34.9149833            -119.97315            -53.9                 
34.915                -119.1633333          -54.27                
34.9154833            -119.6564833          -100.9                
34.9155               -119.9051667          -76.49                
34.9156667            -119.6566667          -100.86               
34.9163333            -119.8318333          -75.29                
34.9163333            -119.409              -71.22                
34.9171667            -119.0216667          -67.5                 
34.9173167            -119.7516667          -87.4                 
34.9173167            -119.3463167          -60.8                 
34.9173333            -119.0218333          -67.4                 
34.9174833            -119.7864833          -75.5                 
34.9174833            -119.5249833          -97.7                 
34.9176667            -119.7278333          -89.45                
34.9179833            -119.4111667          -70.5                 
34.9181667            -119.4113333          -70.32                
34.9184833            -119.3173333          -55.1                 
34.9189833            -119.7094833          -92.9                 
34.9189833            -119.4508167          -81.2                 
34.9189833            -119.3945             -69.9                 
34.9194833            -119.5114833          -94.7                 
34.9196667            -119.5116667          -94.62                
34.9198167            -119.7384833          -88.2                 
34.9198167            -119.5841667          -102.8                
34.9199833            -119.8683167          -71                   
34.92015              -119.01065            -69.6                 
34.9203333            -119.4298333          -74.65                
34.9203333            -119.0108333          -69.46                
34.9204833            -119.473              -87.2                 
34.9204833            -119.0984833          -71.8                 
34.9208333            -119.8476667          -72.02                
34.9209833            -119.4905             -89.9                 
34.9216667            -119.572              -101.73               
34.9216667            -119.3788333          -62.26                
34.9221667            -119.9471667          -59.09                
34.9226667            -119.0481667          -81.09                
34.9228333            -119.1754833          -48.9                 
34.9229833            -119.3011667          -48.7                 
34.923                -119.1756667          -48.76                
34.9234833            -119.3373333          -59.3                 
34.9239833            -119.888              -71.9                 
34.9241667            -119.2785             -48.46                
34.9249833            -119.0304833          -74.5                 
34.9251667            -119.9935             -53.06                
34.9251667            -119.9261667          -73.01                
34.9251667            -119.769              -82.86                
34.9251667            -119.3903333          -65.95                
34.9254833            -119.40915            -69.8                 
34.9254833            -119.1343333          -60.4                 
34.9258333            -119.0796667          -61.25                
34.9259833            -119.5469833          -99.1                 
34.9259833            -119.06365            -62.7                 
34.9261667            -119.0638333          -62.57                
34.9266667            -119.7271667          -90.36                
34.9266667            -119.1186667          -74.14                
34.9268167            -119.64515            -101.7                
34.9274833            -119.6914833          -94.8                 
34.92765              -119.9658167          -57.7                 
34.92765              -119.6698333          -98.3                 
34.9278333            -119.6251667          -102.95               
34.9279833            -119.8033167          -75.2                 
34.9283333            -119.2631667          -42.37                
34.9284833            -119.3583167          -57.4                 
34.9288333            -119.3381667          -59.03                
34.9298167            -119.3818333          -67.8                 
34.9299833            -119.3679833          -65.7                 
34.9299833            -119.1953333          -46.4                 
34.9303333            -119.6063333          -102.83               
34.93065              -119.7513167          -86.8                 
34.93115              -119.2173333          -48.5                 
34.9313167            -119.4539833          -78.5                 
34.9313167            -119.0134833          -75.2                 
34.9313333            -119.2175             -48.4                 
34.9314833            -119.8246667          -71.7                 
34.9315               -119.0136667          -75.08                
34.9316667            -119.739              -88.87                
34.9323167            -119.2358167          -40                   
34.9326667            -119.2445             -41.7                 
34.9329833            -119.32065            -53.5                 
34.93315              -119.33015            -56.1                 
34.9339833            -119.9344833          -48.8                 
34.9339833            -119.5335             -95.1                 
34.9341667            -119.9346667          -63.17                
34.9341667            -119.5336667          -95.02                
34.9343167            -119.5544833          -97.8                 
34.9343167            -119.1554833          -61.9                 
34.9344833            -119.5838167          -100.8                
34.9344833            -119.4113333          -69.6                 
34.9344833            -119.1723333          -53                   
34.9345               -119.5546667          -97.63                
34.9346667            -119.584              -100.69               
34.9346667            -119.1725             -52.96                
34.9348167            -119.7814833          -82.8                 
34.9348167            -119.5114833          -89.6                 
34.9354833            -119.3953333          -70.4                 
34.9359833            -119.51115            -89.7                 
34.93615              -119.6188167          -102                  
34.9361667            -119.5113333          -89.59                
34.9363333            -119.619              -101.93               
34.9363333            -119.5116667          -90.08                
34.9363833            -119.51165            -90                   
34.9364833            -119.8444833          -70.4                 
34.9364833            -119.5118333          -90                   
34.9366667            -119.3601667          -60.34                
34.9368167            -119.7061667          -93.4                 
34.9368167            -119.0849833          -66.9                 
34.9369833            -119.5023333          -87.2                 
34.9371667            -119.86565            -69.2                 
34.9371667            -119.5025             -87.09                
34.9373167            -119.1719833          -54.5                 
34.9373333            -119.8658333          -69.04                
34.93765              -119.4958167          -85.4                 
34.9378333            -119.496              -85.25                
34.9378333            -119.4819833          -83                   
34.9378333            -119.4319833          -73                   
34.9378333            -119.2901667          -44.41                
34.9379833            -119.02815            -78.1                 
34.938                -119.4821667          -83.05                
34.938                -119.4813333          -82.92                
34.938                -119.4321667          -72.88                
34.93805              -119.4813833          -83                   
34.93815              -119.4894833          -84.4                 
34.93815              -119.471              -81.5                 
34.93815              -119.40315            -71.5                 
34.93815              -119.29315            -46.6                 
34.93815              -119.1715             -54.3                 
34.9383333            -119.4896667          -84.24                
34.9383333            -119.4711667          -81.5                 
34.9383333            -119.4033333          -71.44                
34.9383333            -119.2933333          -46.52                
34.9385               -119.1083333          -70.22                
34.93865              -119.4033167          -72.5                 
34.93865              -119.3078333          -51.4                 
34.93865              -119.26765            -52.2                 
34.9389833            -119.1315             -66.7                 
34.9389833            -119.0644833          -78.9                 
34.9393167            -119.638              -100.5                
34.9393167            -119.04715            -87.4                 
34.9398333            -119.8965             -79.09                
34.9399833            -119.38065            -69.3                 
34.9401667            -119.7634833          -81.1                 
34.9401667            -119.46415            -79.4                 
34.9403333            -119.7636667          -81.05                
34.9403333            -119.4643333          -79.35                
34.9404833            -119.9148333          -65.3                 
34.9404833            -119.2853333          -49                   
34.9406667            -119.2855             -48.86                
34.9409833            -119.279              -49.8                 
34.94115              -119.2579833          -55.1                 
34.9413167            -119.6503333          -99.4                 
34.9413333            -119.2581667          -55.02                
34.9414833            -119.23815            -51.1                 
34.9415               -119.6505             -99.27                
34.9418333            -119.9455             -77.18                
34.9419833            -119.0043333          -80.6                 
34.9421667            -119.2538333          -55.07                
34.9424833            -119.3923333          -72.1                 
34.9424833            -119.1753333          -57.5                 
34.9538333            -119.9883333          -58.04                
34.9538333            -119.1638333          -72.16                
34.9541667            -119.4315             -76.14                
34.9543333            -119.7898333          -81.08                
34.9543333            -119.525              -83.43                
34.9544833            -119.6319833          -97                   
34.9546667            -119.6321667          -96.91                
34.9549833            -119.2914833          -61.9                 
34.95515              -119.38665            -69.2                 
34.95515              -119.3569833          -61.4                 
34.95515              -119.0635             -81.6                 
34.9553333            -119.0636667          -81.51                
34.9553333            -119.0465             -88.49                
34.9558333            -119.677              -95.31                
34.9558333            -119.6425             -96.2                 
34.9558333            -119.5025             -78.89                
34.9558333            -119.13315            -76.6                 
34.9559833            -119.3041667          -59.5                 
34.95615              -119.88665            -74.6                 
34.9564833            -119.4486667          -72.2                 
34.9566667            -119.5598333          -84.8                 
34.9566667            -119.4488333          -72.16                
34.9568167            -119.95865            -73.4                 
34.9568333            -119.56               -84.72                
34.9574833            -119.4078333          -73.4                 
34.9576667            -119.6558333          -95.47                
34.9579833            -119.4379833          -76.9                 
34.9579833            -119.18815            -72.4                 
34.9583333            -119.1685             -78.82                
34.9588333            -119.1859833          -74.9                 
34.959                -119.1861667          -74.79                
34.9591667            -119.3301667          -57.6                 
34.9591667            -119.2816667          -67.4                 
34.9593333            -119.484              -78.9                 
34.9593333            -119.2736667          -69.73                
34.9595               -119.4841667          -78.73                
34.9595               -119.2016667          -80.2                 
34.9596667            -119.58365            -86.7                 
34.9596667            -119.4474833          -73.9                 
34.9598333            -119.5838333          -86.65                
34.9598333            -119.4476667          -73.73                
34.9599833            -119.4649833          -74.6                 
34.96065              -119.4448333          -72                   
34.96065              -119.32265            -69.4                 
34.96065              -119.2153333          -78.6                 
34.96065              -119.1593333          -80.3                 
34.96065              -119.1053333          -93                   
34.9608333            -119.545              -84.7                 
34.9608333            -119.3228333          -69.26                
34.9608333            -119.1056667          -92.37                
34.9608333            -119.1055             -92.87                
34.9609833            -119.4464833          -74.9                 
34.9609833            -119.2383167          -80                   
34.9614833            -119.9328333          -74.4                 
34.9614833            -119.9064833          -74.2                 
34.9616667            -119.9066667          -74.03                
34.9616667            -119.3783333          -66.98                
34.9618333            -119.7161667          -89.87                
34.9618333            -119.6583167          -94.2                 
34.962                -119.6585             -94.15                
34.9624833            -119.7823333          -70.1                 
34.9624833            -119.1244833          -80.8                 
34.9626667            -119.7825             -69.94                
34.9629833            -119.2659833          -74.8                 
34.9633333            -119.904              -74.12                
34.9633333            -119.7411667          -88.1                 
34.9633333            -119.3386667          -64.21                
34.9633333            -119.0771667          -94.52                
34.96365              -119.8634833          -72.5                 
34.96365              -119.8249833          -69.7                 
34.96365              -119.80315            -76.7                 
34.9638333            -119.8636667          -72.39                
34.9638333            -119.44465            -77.2                 
34.9638333            -119.1471667          -88.88                
34.964                -119.4448333          -78.88                
34.9641667            -119.7593333          -86.77                
34.9643167            -119.721              -88.9                 
34.9645               -119.7211667          -88.76                
34.9648333            -119.1711667          -83.01                
34.9649833            -119.5733167          -86.6                 
34.9651667            -119.6963333          -90.81                
34.9654833            -119.18415            -82.8                 
34.9654833            -119.0349833          -90.6                 
34.9656667            -119.195              -81.15                
34.9656667            -119.0351667          -90.49                
34.9659833            -119.22265            -85.1                 
34.96615              -119.7263167          -88.2                 
34.96615              -119.41265            -73.8                 
34.9663333            -119.2891667          -70.52                
34.9665               -119.4398333          -78.8                 
34.9665               -119.3721667          -64.76                
34.9665               -119.3251667          -62.81                
34.9666667            -119.44               -78.67                
34.9669833            -119.2574833          -80.2                 
34.9669833            -119.18415            -83.8                 
34.9673167            -119.5124833          -79.2                 
34.9674833            -119.0958167          -81.7                 
34.9678333            -119.8446667          -67.89                
34.9679833            -119.9759833          -67.2                 
34.9679833            -119.1198333          -86.2                 
34.9681667            -119.9765             -65.99                
34.9684833            -119.52765            -77.8                 
34.9684833            -119.0928333          -82.5                 
34.96865              -119.62115            -88.5                 
34.96865              -119.3898333          -68.3                 
34.9686667            -119.5278333          -77.78                
34.9688333            -119.2763333          -75.63                
34.9693333            -119.3573333          -63.21                
34.9695               -119.06365            -88.2                 
34.9696667            -119.0638333          -88.01                
34.9698167            -119.4358167          -80.8                 
34.9698167            -119.05815            -86.3                 
34.9699833            -119.5534833          -82.8                 
34.97                 -119.436              -80.65                
34.97                 -119.0583333          -86.17                
34.9701667            -119.5536667          -82.74                
34.9701667            -119.436              -78.39                
34.9701667            -119.2318333          -90.18                
34.9703333            -119.6008333          -86.22                
34.9703333            -119.1603333          -89.16                
34.97115              -119.6771667          -90.9                 
34.97115              -119.2744833          -78.1                 
34.9713333            -119.4549833          -76.7                 
34.9713333            -119.2746667          -77.95                
34.9713333            -119.017              -87.65                
34.9715               -119.4551667          -76.6                 
34.9719833            -119.1333167          -89.3                 
34.9721667            -119.1844833          -89.6                 
34.9723167            -119.05565            -87.5                 
34.9723333            -119.1846667          -89.53                
34.9724833            -119.6548333          -90.1                 
34.9724833            -119.38215            -67.6                 
34.9726667            -119.776              -85.7                 
34.9728333            -119.7761667          -85.6                 
34.9733333            -119.4349833          -80.5                 
34.9733333            -119.2428333          -89.3                 
34.9735               -119.6413333          -88.3                 
34.9735               -119.4351667          -80.46                
34.9735               -119.4273333          -78.31                
34.9735               -119.1025             -86.42                
34.9739833            -119.3038167          -71.6                 
34.9743333            -119.395              -70.41                
34.9743333            -119.3226667          -67.81                
34.9743333            -119.2174833          -93.6                 
34.9743333            -119.0905             -86.94                
34.9744833            -119.20065            -92.8                 
34.9748167            -119.2946667          -74.5                 
34.9748167            -119.11765            -93.1                 
34.9748167            -119.0414833          -89.2                 
34.9749833            -119.7063167          -86.6                 
34.9753333            -119.4928333          -81.74                
34.9758333            -119.9256667          -73.95                
34.9763333            -119.8859833          -74.7                 
34.9763333            -119.7911667          -82.23                
34.9763333            -119.4341667          -79.98                
34.9763833            -119.43415            -80                   
34.9764833            -119.7548333          -86.1                 
34.9764833            -119.10865            -91.4                 
34.9765               -119.986              -76                   
34.9765               -119.8861667          -74.68                
34.9766667            -119.755              -86                   
34.9768333            -119.1728333          -94.75                
34.9769833            -119.1479833          -92.9                 
34.9773167            -119.11565            -97.2                 
34.9774833            -119.2763167          -81.1                 
34.9775               -119.1158333          -97.12                
34.9778333            -119.47815            -75.8                 
34.9778333            -119.3126667          -71.29                
34.9779833            -119.4049833          -70.7                 
34.9779833            -119.1829833          -93.3                 
34.978                -119.4783333          -75.73                
34.97815              -119.4338167          -78.8                 
34.97815              -119.3998333          -70.2                 
34.9783333            -119.747              -84.82                
34.9783333            -119.434              -78.71                
34.9784833            -119.9635             -73.9                 
34.9784833            -119.6521667          -85.7                 
34.9784833            -119.2633167          -86.9                 
34.9784833            -119.00815            -85.6                 
34.9786667            -119.8503333          -65.3                 
34.9786667            -119.6523333          -85.64                
34.9788333            -119.8505             -65.25                
34.9788333            -119.8085             -76.02                
34.9788333            -119.6946667          -86.91                
34.9788333            -119.55065            -85.5                 
34.9788333            -119.532              -80.33                
34.9789833            -119.41515            -75.6                 
34.979                -119.5508333          -85.4                 
34.9791667            -119.3403333          -67.53                
34.9794833            -119.9058167          -76.4                 
34.9794833            -119.8279833          -65.8                 
34.9796667            -119.906              -76.28                
34.9796667            -119.7313333          -84.72                
34.9798167            -119.76565            -84.7                 
34.9798167            -119.5709833          -85.4                 
34.9799833            -119.5844833          -81                   
34.9799833            -119.3259833          -70.4                 
34.98                 -119.7658333          -84.66                
34.9801667            -119.5846667          -80.95                
34.9803333            -119.3826667          -69.7                 
34.9803333            -119.0665             -89.24                
34.9804833            -119.1363167          -98.3                 
34.9808333            -119.1613333          -98.7                 
34.9809833            -119.43415            -78.6                 
34.98115              -119.28415            -80.3                 
34.9814833            -119.1943333          -96.2                 
34.9819833            -119.666              -80                   
34.9823167            -119.7099833          -86.9                 
34.9823167            -119.24615            -96.5                 
34.9824833            -119.2311667          -96                   
34.98315              -119.0398333          -92.2                 
34.9833333            -119.3651667          -68.55                
34.9833333            -119.3526667          -68.76                
34.9834833            -119.4339833          -77.7                 
34.9836667            -119.4341667          -77.63                
34.9838167            -119.3949833          -69.9                 
34.9839833            -119.78065            -83.7                 
34.9839833            -119.2168333          -95.4                 
34.9841667            -119.0394833          -92.3                 
34.9843333            -119.0396667          -92.19                
34.9843333            -119.0055             -86.4                 
34.9844833            -119.1858167          -93.9                 
34.9845               -119.0056667          -86.29                
34.9846667            -119.186              -93.81                
34.9848167            -119.51815            -84.5                 
34.9848167            -119.2938167          -79.6                 
34.9849833            -119.6778333          -84.7                 
34.9851667            -119.678              -84.65                
34.9851667            -119.6118333          -82.31                
34.9851667            -119.3135             -74.77                
34.9853333            -119.50765            -71.9                 
34.9853333            -119.0863333          -90.41                
34.9854833            -119.0244833          -89.6                 
34.9855               -119.5078333          -71.87                
34.98565              -119.3419833          -71.4                 
34.9858333            -119.89815            -75.1                 
34.9858333            -119.7836667          -83.1                 
34.9859833            -119.7835             -84.1                 
34.9859833            -119.1508167          -99.5                 
34.986                -119.8983333          -75.04                
34.986                -119.7838333          -83                   
34.9861667            -119.2055             -94.06                
34.9863333            -119.1428333          -99.17                
34.9866667            -119.5219833          -79.2                 
34.9868167            -119.9324833          -75.6                 
34.9868167            -119.5403333          -82.6                 
34.9868167            -119.4471667          -82                   
34.9868333            -119.5221667          -79.11                
34.9874833            -119.8685             -68.7                 
34.9878333            -119.7431667          -84.64                
34.9878333            -119.4299833          -76.7                 
34.9879833            -119.08165            -93.4                 
34.988                -119.4301667          -76.62                
34.9881667            -119.0818333          -93.35                
34.9884833            -119.1588333          -99.5                 
34.98865              -119.18265            -93.8                 
34.9889833            -119.8424833          -65.9                 
34.9889833            -119.6243167          -80                   
34.9889833            -119.1941667          -93.9                 
34.989                -119.2516667          -95.67                
34.9891667            -119.8426667          -65.8                 
34.9893167            -119.27615            -87.4                 
34.9893167            -119.0159833          -88                   
34.9896667            -119.3846667          -71.6                 
34.9898333            -119.4808167          -75.5                 
34.9898333            -119.2378333          -97.87                
34.99                 -119.481              -75.38                
34.9901667            -119.5954833          -81.5                 
34.9903333            -119.9531667          -74.79                
34.9903333            -119.6479833          -77.9                 
34.9904833            -119.1169833          -98.2                 
34.9904833            -119.0333167          -91.2                 
34.9905               -119.6481667          -77.87                
34.9906667            -119.72               -79.4                 
34.9906667            -119.684              -82.6                 
34.9906667            -119.1171667          -98.08                
34.9908333            -119.7651667          -82.93                
34.9909833            -119.99315            -73.4                 
34.9909833            -119.9929833          -73.4                 
34.99115              -119.3063167          -79.8                 
34.9913333            -119.5309833          -81.5                 
34.9913333            -119.4625             -79.87                
34.9914833            -119.0915             -91.4                 
34.9915               -119.5311667          -81.33                
34.9916667            -119.2868333          -84.5                 
34.9916667            -119.0916667          -91.23                
34.9918333            -119.7951667          -81.38                
34.9918333            -119.287              -84.39                
34.9921667            -119.4113333          -72.2                 
34.9921667            -119.2514833          -96.1                 
34.9923167            -119.3769833          -72.9                 
34.9926667            -119.2596667          -94.58                
34.9928333            -119.2211667          -97.27                
34.99315              -119.02315            -87.9                 
34.9933333            -119.4286667          -77.22                
34.9934833            -119.428              -77.2                 
34.9934833            -119.3304833          -82.7                 
34.9938333            -119.9736667          -71.62                
34.9938333            -119.51765            -76.8                 
34.994                -119.5178333          -76.71                
34.9943333            -119.8261667          -71.73                
34.9943333            -119.5844833          -89.9                 
34.9943333            -119.3925             -71.94                
34.9943333            -119.3493333          -72.92                
34.9945               -119.5846667          -89.75                
34.9953333            -119.0871667          -91.64                
34.9954833            -119.7398333          -80                   
34.9954833            -119.5654833          -83.6                 
34.9954833            -119.2044833          -95.6                 
34.9956667            -119.17               -94.33                
34.9958333            -119.0085             -88.29                
34.99615              -119.1304833          -97.6                 
34.99615              -119.09315            -95.1                 
34.9963333            -119.8971667          -77.1                 
34.9963333            -119.7233333          -80.98                
34.9963333            -119.0933333          -94.98                
34.9964833            -119.0243333          -91.1                 
34.9965               -119.8973333          -77                   
34.99665              -119.5498333          -77.9                 
34.9968167            -119.8098333          -84.5                 
34.9968167            -119.4191667          -74.8                 
34.9968333            -119.55               -77.82                
34.9969333            -119.4194333          -74.7                 
34.997                -119.81               -84.36                
34.997                -119.4195             -74.56                
34.997                -119.4193333          -74.65                
34.9971667            -119.8888167          -72.4                 
34.9971667            -119.2363333          -99.23                
34.9971667            -119.0708333          -96.58                
34.9971667            -119.0568333          -97.17                
34.9971667            -119.0403333          -92.56                
34.9973333            -119.889              -72.32                
34.9974833            -119.4923333          -75.9                 
34.9976667            -119.02765            -92.9                 
34.9978333            -119.9133333          -75.51                
34.9978333            -119.295              -84.9                 
34.9978333            -119.2443333          -99.16                
34.9978333            -119.0278333          -92.82                
34.9981667            -119.3681667          -74.55                
34.9981667            -119.1821667          -94.3                 
34.9983333            -119.1823333          -94.18                
34.9983333            -119.1811667          -93.94                
34.99865              -119.1619833          -94.5                 
34.9988333            -119.22815            -99                   
34.9989833            -119.8568167          -65                   
34.999                -119.2283333          -98.93                
34.9994833            -119.74115            -77.5                 
34.9996667            -119.7076667          -79.59                
34.9996667            -119.623              -81.08                
34.9996667            -119.3995             -72.47                
34.9996667            -119.2015             -95.6                 
34.9996667            -119.096              -92.93                
34.9998167            -119.31065            -82.6                 
34.9998167            -119.2214833          -98.2                 
34.9998167            -119.1963167          -99.6                 
34.9998333            -119.2016667          -95.48                
35                    -119.8166667          -78.69                
35                    -119.8166             -78.8                 
35                    -119.6743333          -77.72  

