<gml:FeatureCollection xmlns:gml="http://opengis.net/gml"><gml:Feature><gml:Geometry><gml:Polygon>
  <gml:outerBoundaryIs>
  <gml:LinearRing>
    <gml:coordinates>29.830507278442383,119.09391784667969 31.8192081451416,118.39604187011719 32.18380355834961,118.32768249511719 32.81355667114258,118.01280212402344 33.80790710449219,117.96722412109375 34.8022575378418,118.01280212402344 35.796607971191406,117.85536193847656 36.790958404541016,117.38304901123047 36.840675354003906,117.33332824707031 37.785308837890625,117.0184555053711 
      38.779659271240234,116.75660705566406 39.30169677734375,116.33898162841797 39.774009704589844,116.20403289794922 40.76836013793945,116.01416015625 41.76271057128906,115.81529235839844 42.75706100463867,115.53446197509766 43.174686431884766,115.3446273803711 43.52768325805664,114.35028076171875 42.79020690917969,113.35592651367188 42.75706100463867,113.2564926147461 
      42.53333282470703,112.36157989501953 42.57807922363281,111.36722564697266 42.75706100463867,110.9197769165039 43.03050994873047,110.37287902832031 43.75141143798828,109.6519775390625 44.74576187133789,109.5972900390625 45.7401123046875,109.72654724121094 46.73446273803711,109.79615020751953 47.72881317138672,110.07456970214844 48.62372970581055,110.37287902832031 
      48.72316360473633,110.4723129272461 49.17061996459961,111.36722564697266 49.17061996459961,112.36157989501953 49.71751403808594,112.90847778320312 50.612430572509766,113.35592651367188 50.71186447143555,113.45536041259766 50.81129837036133,113.35592651367188 51.706214904785156,113.0576171875 52.601131439208984,113.35592651367188 52.700565338134766,113.45536041259766 
      52.79999542236328,113.35592651367188 53.69491195678711,112.90847778320312 54.24180603027344,112.36157989501953 54.68926239013672,112.24971008300781 55.68361282348633,111.8202133178711 56.49898147583008,111.36722564697266 56.67796325683594,110.4723129272461 56.702823638916016,110.37287902832031 56.67796325683594,110.32315826416016 56.205650329589844,109.37852478027344 
      55.957061767578125,108.3841781616211 55.957061767578125,107.38982391357422 56.67796325683594,106.42861938476562 56.697853088378906,106.39547729492188 57.67231369018555,105.78643798828125 58.666664123535156,105.41217041015625 58.686553955078125,105.40113067626953 59.213558197021484,104.40677642822266 58.69981002807617,103.41242980957031 58.69981002807617,102.41807556152344 
      58.94011306762695,101.4237289428711 59.661014556884766,100.94313049316406 60.431636810302734,100.42937469482422 60.655364990234375,99.98191833496094 61.019962310791016,99.43502807617188 61.2022590637207,98.440673828125 60.705081939697266,97.44632720947266 60.655364990234375,97.34689331054688 60.207908630371094,96.45197296142578 60.655364990234375,95.55706024169922 
      60.68851089477539,95.45762634277344 61.649715423583984,94.88089752197266 62.345760345458984,94.46327209472656 62.644065856933594,93.568359375 62.693782806396484,93.46892547607422 62.693782806396484,92.47457122802734 62.644065856933594,92.37513732910156 62.19660949707031,91.480224609375 62.014312744140625,90.48587036132812 62.345760345458984,89.49152374267578 
      62.644065856933594,89.0440673828125 63.190956115722656,88.4971694946289 63.6384162902832,88.04972076416016 64.63276672363281,87.86741638183594 65.62711334228516,87.7215805053711 66.62146759033203,87.51940155029297 66.67118835449219,87.50282287597656 66.62146759033203,87.40338897705078 65.72654724121094,86.50846862792969 65.72654724121094,85.51412200927734 
      65.72654724121094,84.519775390625 65.72654724121094,83.52542114257812 66.62146759033203,82.63050842285156 66.72090148925781,82.53107452392578 67.61581420898438,82.0836181640625 68.61016845703125,81.63615417480469 68.70960235595703,81.5367202758789 69.6045150756836,80.64180755615234 69.70394897460938,80.54237365722656 70.59886932373047,79.64745330810547 
      71.59321594238281,79.64745330810547 72.58757019042969,79.59774017333984 73.58191680908203,79.59774017333984 73.68135070800781,79.54801940917969 74.5762710571289,79.1005630493164 75.57061767578125,79.1005630493164 76.56497192382812,79.1005630493164 77.45988464355469,79.54801940917969 77.45988464355469,80.54237365722656 77.45988464355469,81.5367202758789 
      77.55931854248047,81.63615417480469 78.45423889160156,82.53107452392578 78.55367279052734,82.63050842285156 79.4485855102539,83.52542114257812 79.54801940917969,83.6248550415039 80.44293975830078,84.519775390625 80.44293975830078,85.51412200927734 80.54237365722656,85.61355590820312 81.43728637695312,86.50846862792969 81.43728637695312,87.50282287597656 
      81.43728637695312,88.4971694946289 81.5367202758789,88.59660339355469 82.431640625,89.49152374267578 82.431640625,90.48587036132812 82.431640625,91.480224609375 82.53107452392578,91.57965850830078 83.42598724365234,92.47457122802734 83.52542114257812,92.57400512695312 84.519775390625,92.57400512695312 85.51412200927734,92.57400512695312 
      86.40904235839844,93.46892547607422 85.51412200927734,94.36383819580078 84.519775390625,94.36383819580078 84.42034149169922,94.46327209472656 84.519775390625,94.56270599365234 85.51412200927734,94.56270599365234 86.40904235839844,95.45762634277344 86.40904235839844,96.45197296142578 86.50846862792969,96.55140686035156 87.50282287597656,96.50169372558594 
      88.4971694946289,96.50169372558594 89.49152374267578,96.50169372558594 89.59095764160156,96.45197296142578 89.49152374267578,96.3525390625 88.4971694946289,96.3525390625 87.60225677490234,95.45762634277344 88.4971694946289,94.56270599365234 89.49152374267578,94.56270599365234 90.48587036132812,94.56270599365234 91.480224609375,94.56270599365234 
      92.37513732910156,95.45762634277344 92.47457122802734,95.55706024169922 93.46892547607422,95.55706024169922 94.46327209472656,95.55706024169922 95.35819244384766,96.45197296142578 95.35819244384766,97.44632720947266 95.35819244384766,98.440673828125 95.45762634277344,98.54010772705078 96.3525390625,99.43502807617188 96.45197296142578,99.53446197509766 
      97.44632720947266,99.53446197509766 98.440673828125,99.53446197509766 99.43502807617188,99.53446197509766 100.32994079589844,100.42937469482422 100.42937469482422,100.52880859375 101.32429504394531,101.4237289428711 100.42937469482422,102.31864166259766 99.43502807617188,102.31864166259766 99.3355941772461,102.41807556152344 99.43502807617188,102.51750946044922 
      100.32994079589844,103.41242980957031 100.32994079589844,104.40677642822266 99.43502807617188,104.85423278808594 98.440673828125,104.85423278808594 97.44632720947266,105.35140991210938 97.3966064453125,105.40113067626953 96.45197296142578,106.0308837890625 95.45762634277344,106.36233520507812 95.35819244384766,106.39547729492188 95.35819244384766,107.38982391357422 
      95.35819244384766,108.3841781616211 95.45762634277344,108.48361206054688 96.3525390625,109.37852478027344 96.3525390625,110.37287902832031 95.45762634277344,110.8203353881836 94.91072845458984,111.36722564697266 94.46327209472656,111.81468200683594 93.9163818359375,112.36157989501953 93.46892547607422,113.2564926147461 93.36949157714844,113.35592651367188 
      93.36949157714844,114.35028076171875 93.46892547607422,114.44971466064453 94.36383819580078,115.3446273803711 94.36383819580078,116.33898162841797 94.46327209472656,116.37212371826172 95.45762634277344,116.70357513427734 96.40225219726562,117.33332824707031 96.45197296142578,117.38304901123047 97.08172607421875,118.32768249511719 97.41317749023438,119.32202911376953 
      97.3966064453125,120.3163833618164 97.3966064453125,121.31072998046875 96.75028228759766,122.30508422851562 96.45197296142578,122.52880859375 95.45762634277344,122.85907745361328 94.46327209472656,122.95140838623047 93.46892547607422,122.88180541992188 92.47457122802734,122.9348373413086 91.92768096923828,123.29943084716797 91.480224609375,124.19435119628906 
      91.43050384521484,124.29378509521484 91.38079071044922,125.28813171386719 91.43050384521484,126.28248596191406 91.480224609375,126.33219909667969 92.42485046386719,127.2768325805664 91.92768096923828,128.27117919921875 91.480224609375,128.37062072753906 90.48587036132812,128.54107666015625 89.49152374267578,128.99209594726562 89.12692260742188,129.26553344726562 
      88.4971694946289,129.53541564941406 87.50282287597656,129.75027465820312 86.50846862792969,129.80690002441406 85.51412200927734,129.96157836914062 84.519775390625,130.239990234375 84.49491119384766,130.2598876953125 83.52542114257812,130.64767456054688 82.53107452392578,130.83163452148438 81.5367202758789,130.97401428222656 80.76609802246094,131.2542266845703 
      80.54237365722656,131.5525360107422 79.54801940917969,132.22869873046875 79.4485855102539,132.2485809326172 79.4485855102539,133.24293518066406 79.4485855102539,134.23728942871094 79.54801940917969,134.28700256347656 80.4926528930664,135.23162841796875 79.54801940917969,135.86138916015625 79.0011215209961,136.22598266601562 78.55367279052734,136.2757110595703 
      77.55931854248047,136.32044982910156 76.56497192382812,136.3777618408203 75.57061767578125,136.55079650878906 74.5762710571289,136.98831176757812 74.31525421142578,137.2203369140625 73.58191680908203,137.46478271484375 72.58757019042969,137.6429443359375 71.59321594238281,137.73223876953125 70.59886932373047,137.9114227294922 69.8406753540039,138.21469116210938 
      69.6045150756836,138.37213134765625 68.61016845703125,138.76779174804688 67.61581420898438,138.96922302246094 66.62146759033203,139.14468383789062 66.3480224609375,139.2090301513672 65.62711334228516,139.7857666015625 64.63276672363281,139.99456787109375 63.6384162902832,140.02206420898438 62.644065856933594,139.96189880371094 61.649715423583984,139.9498291015625 
      60.655364990234375,139.96356201171875 59.661014556884766,140.0542449951172 59.24338912963867,140.20338439941406 58.666664123535156,140.61534118652344 57.67231369018555,140.79005432128906 56.67796325683594,140.85800170898438 55.68361282348633,140.98892211914062 54.98756790161133,141.19773864746094 54.98756790161133,142.1920928955078 54.98756790161133,143.18643188476562 
      54.98756790161133,144.1807861328125 54.868247985839844,145.17514038085938 54.68926239013672,145.227783203125 53.69491195678711,145.33534240722656 52.700565338134766,145.3447723388672 51.706214904785156,145.39695739746094 50.71186447143555,145.5355987548828 49.71751403808594,145.49002075195312 48.77288055419922,145.17514038085938 48.75630569458008,144.1807861328125 
      49.71751403808594,143.21958923339844 50.71186447143555,143.21958923339844 50.81129837036133,143.18643188476562 50.71186447143555,143.15328979492188 49.71751403808594,143.13671875 48.77288055419922,142.1920928955078 48.72316360473633,142.17788696289062 47.72881317138672,141.376708984375 47.57965850830078,141.19773864746094 47.57965850830078,140.20338439941406 
      46.73446273803711,139.35818481445312 46.60661697387695,139.2090301513672 46.58530807495117,138.21469116210938 45.7401123046875,137.8524627685547 44.74576187133789,137.68609619140625 43.75141143798828,137.63377380371094 42.75706100463867,137.42630004882812 42.276458740234375,137.2203369140625 41.91896438598633,136.22598266601562 41.91896438598633,135.23162841796875 
      41.76271057128906,134.6847381591797 41.613555908203125,134.23728942871094 40.76836013793945,133.8992156982422 39.774009704589844,133.54124450683594 39.22001266479492,133.24293518066406 39.16497039794922,132.2485809326172 39.04067611694336,131.2542266845703 38.9359130859375,130.2598876953125 39.05310821533203,129.26553344726562 38.779659271240234,128.90093994140625 
      38.30734634399414,128.27117919921875 38.30734634399414,127.2768325805664 38.149906158447266,126.28248596191406 38.149906158447266,125.28813171386719 37.835025787353516,124.29378509521484 37.835025787353516,123.29943084716797 37.81845474243164,122.30508422851562 37.81845474243164,121.31072998046875 37.785308837890625,121.277587890625 36.790958404541016,120.94613647460938 
      36.24406814575195,121.31072998046875 35.796607971191406,121.75818634033203 35.432010650634766,122.30508422851562 35.746891021728516,123.29943084716797 35.763465881347656,124.29378509521484 35.523162841796875,125.28813171386719 35.274574279785156,126.28248596191406 34.8022575378418,126.4714126586914 33.80790710449219,126.70152282714844 32.81355667114258,126.8061752319336 
      31.8192081451416,126.7725601196289 30.824857711791992,126.51864624023438 30.447006225585938,126.28248596191406 30.447006225585938,125.28813171386719 29.830507278442383,124.671630859375 29.452655792236328,124.29378509521484 29.830507278442383,123.82146453857422 30.128812789916992,123.29943084716797 30.062522888183594,122.30508422851562 30.062522888183594,121.31072998046875 
      29.830507278442383,121.07872009277344 29.068172454833984,120.3163833618164 29.442710876464844,119.32202911376953 29.830507278442383,119.09391784667969 </gml:coordinates>
  </gml:LinearRing>
  </gml:outerBoundaryIs>
</gml:Polygon>
</gml:Geometry><property name="label">20.1</property><property name="seq">0</property></gml:Feature><gml:Feature><gml:Geometry><gml:Polygon>
  <gml:outerBoundaryIs>
  <gml:LinearRing>
    <gml:coordinates>78.55367279052734,66.72090148925781 79.54801940917969,66.17401123046875 80.54237365722656,65.72654724121094 80.64180755615234,65.62711334228516 80.54237365722656,65.5276870727539 79.64745330810547,64.63276672363281 79.64745330810547,63.6384162902832 79.54801940917969,63.53898239135742 78.65310668945312,62.644065856933594 78.65310668945312,61.649715423583984 
      79.54801940917969,60.754798889160156 79.64745330810547,60.655364990234375 80.54237365722656,59.76044845581055 80.64180755615234,59.661014556884766 81.5367202758789,58.76609802246094 81.63615417480469,58.666664123535156 82.53107452392578,58.219207763671875 83.52542114257812,57.77174758911133 84.519775390625,57.77174758911133 84.61920166015625,57.67231369018555 
      85.51412200927734,56.77739715576172 86.50846862792969,56.77739715576172 86.60790252685547,56.67796325683594 86.50846862792969,56.578529357910156 85.61355590820312,55.68361282348633 85.61355590820312,54.68926239013672 85.51412200927734,54.5898323059082 84.61920166015625,53.69491195678711 84.61920166015625,52.700565338134766 85.51412200927734,51.80564498901367 
      86.50846862792969,51.80564498901367 86.60790252685547,51.706214904785156 87.50282287597656,50.81129837036133 87.60225677490234,50.71186447143555 87.50282287597656,50.612430572509766 86.60790252685547,49.71751403808594 86.50846862792969,49.618080139160156 85.61355590820312,48.72316360473633 85.61355590820312,47.72881317138672 85.51412200927734,47.62937927246094 
      84.61920166015625,46.73446273803711 85.51412200927734,45.83954620361328 86.50846862792969,45.83954620361328 87.50282287597656,45.83954620361328 87.60225677490234,45.7401123046875 87.60225677490234,44.74576187133789 88.4971694946289,43.85084533691406 89.49152374267578,43.85084533691406 90.38643646240234,44.74576187133789 90.48587036132812,44.84519577026367 
      91.38079071044922,45.7401123046875 91.480224609375,45.83954620361328 92.37513732910156,46.73446273803711 92.47457122802734,46.83389663696289 93.46892547607422,46.83389663696289 94.46327209472656,46.83389663696289 95.45762634277344,46.83389663696289 96.3525390625,47.72881317138672 96.3525390625,48.72316360473633 96.45197296142578,48.82259750366211 
      97.34689331054688,49.71751403808594 97.34689331054688,50.71186447143555 97.34689331054688,51.706214904785156 96.45197296142578,52.601131439208984 96.3525390625,52.700565338134766 95.45762634277344,53.595481872558594 94.46327209472656,53.595481872558594 94.36383819580078,53.69491195678711 93.46892547607422,54.5898323059082 92.47457122802734,54.5898323059082 
      91.480224609375,54.5898323059082 90.48587036132812,54.5898323059082 89.49152374267578,54.5898323059082 88.4971694946289,54.5898323059082 88.39773559570312,54.68926239013672 88.4971694946289,54.7886962890625 89.39208984375,55.68361282348633 89.39208984375,56.67796325683594 89.49152374267578,56.77739715576172 90.38643646240234,57.67231369018555 
      90.38643646240234,58.666664123535156 90.48587036132812,58.76609802246094 91.38079071044922,59.661014556884766 90.48587036132812,60.555931091308594 90.38643646240234,60.655364990234375 89.49152374267578,61.5502815246582 88.4971694946289,61.5502815246582 88.39773559570312,61.649715423583984 87.50282287597656,62.54463195800781 87.40338897705078,62.644065856933594 
      86.50846862792969,63.53898239135742 85.51412200927734,63.53898239135742 85.41468811035156,63.6384162902832 84.519775390625,64.53333282470703 84.42034149169922,64.63276672363281 84.519775390625,64.7322006225586 85.41468811035156,65.62711334228516 85.41468811035156,66.62146759033203 85.51412200927734,66.72090148925781 86.40904235839844,67.61581420898438 
      85.51412200927734,68.51073455810547 85.41468811035156,68.61016845703125 84.519775390625,69.50508117675781 84.42034149169922,69.6045150756836 83.52542114257812,70.05197143554688 82.53107452392578,70.49943542480469 82.431640625,70.59886932373047 81.5367202758789,71.04632568359375 80.54237365722656,71.49378204345703 79.54801940917969,71.04632568359375 
      78.65310668945312,70.59886932373047 78.65310668945312,69.6045150756836 78.55367279052734,69.50508117675781 77.65875244140625,68.61016845703125 77.65875244140625,67.61581420898438 78.55367279052734,66.72090148925781 </gml:coordinates>
  </gml:LinearRing>
  </gml:outerBoundaryIs>
</gml:Polygon>
</gml:Geometry><property name="label">20.1</property><property name="seq">1</property></gml:Feature><gml:Feature><gml:Geometry><gml:Polygon>
  <gml:outerBoundaryIs>
  <gml:LinearRing>
    <gml:coordinates>89.49152374267578,79.64745330810547 90.48587036132812,79.1005630493164 91.480224609375,78.65310668945312 92.47457122802734,78.65310668945312 92.57400512695312,78.55367279052734 93.46892547607422,78.10621643066406 94.46327209472656,78.10621643066406 95.45762634277344,77.65875244140625 96.45197296142578,77.65875244140625 96.55140686035156,77.55931854248047 
      97.44632720947266,76.6644058227539 97.54576110839844,76.56497192382812 98.440673828125,76.11751556396484 99.43502807617188,76.11751556396484 100.42937469482422,76.11751556396484 101.32429504394531,76.56497192382812 101.32429504394531,77.55931854248047 101.32429504394531,78.55367279052734 101.4237289428711,78.65310668945312 102.31864166259766,79.54801940917969 
      102.31864166259766,80.54237365722656 101.4237289428711,81.43728637695312 101.32429504394531,81.5367202758789 100.42937469482422,81.98417663574219 99.43502807617188,81.98417663574219 98.440673828125,82.431640625 98.34123992919922,82.53107452392578 98.34123992919922,83.52542114257812 97.44632720947266,84.42034149169922 96.45197296142578,84.42034149169922 
      95.45762634277344,84.42034149169922 94.46327209472656,84.42034149169922 93.46892547607422,84.42034149169922 92.47457122802734,84.42034149169922 92.37513732910156,84.519775390625 91.480224609375,85.41468811035156 90.5853042602539,84.519775390625 90.48587036132812,84.42034149169922 89.59095764160156,83.52542114257812 89.59095764160156,82.53107452392578 
      89.59095764160156,81.5367202758789 89.49152374267578,81.43728637695312 88.59660339355469,80.54237365722656 89.49152374267578,79.64745330810547 </gml:coordinates>
  </gml:LinearRing>
  </gml:outerBoundaryIs>
</gml:Polygon>
</gml:Geometry><property name="label">20.1</property><property name="seq">2</property></gml:Feature><gml:Feature><gml:Geometry><gml:Polygon>
  <gml:outerBoundaryIs>
  <gml:LinearRing>
    <gml:coordinates>127.2768325805664,147.0378875732422 128.99563598632812,146.16949462890625 129.26553344726562,145.93331909179688 130.2598876953125,145.3839569091797 131.2542266845703,145.2745819091797 132.2485809326172,145.36495971679688 133.24293518066406,145.5977325439453 134.23728942871094,145.92918395996094 135.198486328125,146.16949462890625 135.198486328125,147.16383361816406 
      135.198486328125,148.15818786621094 135.198486328125,149.1525421142578 135.23162841796875,149.25198364257812 135.67909240722656,150.14688110351562 136.1928253173828,151.1412353515625 136.22598266601562,151.1743927001953 137.1871795654297,152.13558959960938 137.1871795654297,153.12994384765625 137.1871795654297,154.12428283691406 137.1871795654297,155.11863708496094 
      137.2203369140625,155.21807861328125 138.11524963378906,156.1129913330078 137.2203369140625,156.1600799560547 136.22598266601562,156.3170928955078 135.23162841796875,156.57040405273438 134.23728942871094,157.01620483398438 134.08102416992188,157.1073455810547 133.24293518066406,157.6406707763672 132.2485809326172,157.76361083984375 131.2542266845703,157.76361083984375 
      130.2598876953125,157.66844177246094 129.26553344726562,157.597412109375 128.27117919921875,157.49844360351562 127.2768325805664,157.29957580566406 126.5559310913086,157.1073455810547 126.30734252929688,156.1129913330078 126.30734252929688,155.11863708496094 126.30734252929688,154.12428283691406 126.30734252929688,153.12994384765625 127.2768325805664,152.35433959960938 
      127.5502700805664,152.13558959960938 127.49559020996094,151.1412353515625 127.49559020996094,150.14688110351562 127.30168151855469,149.1525421142578 127.2768325805664,149.10281372070312 126.80451965332031,148.15818786621094 126.80451965332031,147.16383361816406 127.2768325805664,147.0378875732422 </gml:coordinates>
  </gml:LinearRing>
  </gml:outerBoundaryIs>
</gml:Polygon>
</gml:Geometry><property name="label">20.1</property><property name="seq">3</property></gml:Feature><gml:Feature><gml:Geometry><gml:Polygon>
  <gml:outerBoundaryIs>
  <gml:LinearRing>
    <gml:coordinates>139.2090301513672,145.09378051757812 141.19773864746094,144.48902893066406 141.96835327148438,144.1807861328125 142.0131072998047,143.18643188476562 141.41648864746094,142.1920928955078 141.19773864746094,141.6451873779297 141.0187530517578,141.19773864746094 141.0187530517578,140.20338439941406 141.0187530517578,139.2090301513672 141.19773864746094,139.15638732910156 
      142.1920928955078,138.81793212890625 143.18643188476562,138.33621215820312 143.3687286376953,138.21469116210938 144.1807861328125,137.982666015625 145.17514038085938,137.8406219482422 146.16949462890625,137.74891662597656 147.16383361816406,137.6909942626953 148.15818786621094,137.6104278564453 149.1525421142578,137.4523468017578 150.14688110351562,137.24021911621094 
      150.1966094970703,137.2203369140625 151.1412353515625,137.11537170410156 152.13558959960938,137.08302307128906 153.12994384765625,137.13446044921875 154.12428283691406,137.17559814453125 155.01919555664062,137.2203369140625 155.11863708496094,137.3197784423828 155.56610107421875,138.21469116210938 155.56610107421875,139.2090301513672 155.56610107421875,140.20338439941406 
      155.56610107421875,141.19773864746094 155.56610107421875,142.1920928955078 155.11863708496094,143.0869903564453 155.0689239501953,143.18643188476562 155.0689239501953,144.1807861328125 155.0689239501953,145.17514038085938 155.11863708496094,145.2745819091797 155.56610107421875,146.16949462890625 156.0135498046875,147.16383361816406 156.0135498046875,148.15818786621094 
      156.06326293945312,149.1525421142578 155.11863708496094,150.09716796875 155.01919555664062,150.14688110351562 155.01919555664062,151.1412353515625 155.01919555664062,152.13558959960938 155.01919555664062,153.12994384765625 155.01919555664062,154.12428283691406 154.3480224609375,155.11863708496094 154.12428283691406,155.174560546875 153.12994384765625,155.2788543701172 
      152.13558959960938,155.3750762939453 151.1412353515625,155.4998016357422 150.14688110351562,155.642333984375 149.1525421142578,155.75076293945312 148.15818786621094,155.87586975097656 147.16383361816406,155.93898010253906 146.16949462890625,156.0036163330078 145.17514038085938,156.09878540039062 144.1807861328125,156.088134765625 143.18643188476562,155.56610107421875 
      142.88812255859375,155.11863708496094 142.88812255859375,154.12428283691406 142.88812255859375,153.12994384765625 142.88812255859375,152.13558959960938 142.5566864013672,151.1412353515625 142.1920928955078,151.0417938232422 141.19773864746094,150.83299255371094 140.20338439941406,150.6316375732422 139.2090301513672,150.29603576660156 138.76158142089844,150.14688110351562 
      138.76158142089844,149.1525421142578 138.9107208251953,148.15818786621094 138.76158142089844,147.16383361816406 138.76158142089844,146.16949462890625 138.9853057861328,145.17514038085938 139.2090301513672,145.09378051757812 </gml:coordinates>
  </gml:LinearRing>
  </gml:outerBoundaryIs>
</gml:Polygon>
</gml:Geometry><property name="label">20.1</property><property name="seq">4</property></gml:Feature><gml:Feature><gml:Geometry><gml:Polygon>
  <gml:outerBoundaryIs>
  <gml:LinearRing>
    <gml:coordinates>40.76836013793945,120.0464859008789 42.75706100463867,119.58304595947266 43.75141143798828,119.50432586669922 44.74576187133789,119.35517883300781 45.7401123046875,119.42146301269531 46.63502883911133,120.3163833618164 46.68474578857422,121.31072998046875 46.73446273803711,121.41016387939453 47.18191909790039,122.30508422851562 47.72881317138672,122.669677734375 
      48.72316360473633,122.669677734375 49.71751403808594,122.35480499267578 50.71186447143555,122.35480499267578 50.81129837036133,122.30508422851562 51.706214904785156,121.85762786865234 52.700565338134766,121.3438720703125 52.75027847290039,121.31072998046875 52.700565338134766,121.21129608154297 51.80564498901367,120.3163833618164 51.80564498901367,119.32202911376953 
      51.80564498901367,118.32768249511719 52.700565338134766,118.02937316894531 53.396610260009766,117.33332824707031 53.69491195678711,117.22146606445312 54.68926239013672,116.92138671875 55.50463104248047,116.33898162841797 55.68361282348633,116.23954772949219 56.67796325683594,115.80564880371094 57.67231369018555,115.35567474365234 57.692203521728516,115.3446273803711 
      57.945762634277344,114.35028076171875 57.67231369018555,113.80338287353516 57.3740119934082,113.35592651367188 57.04256057739258,112.36157989501953 57.67231369018555,111.88926696777344 58.02033615112305,111.36722564697266 58.666664123535156,110.72090148925781 59.18870162963867,110.37287902832031 59.213558197021484,109.37852478027344 58.76609802246094,108.3841781616211 
      58.666664123535156,108.28474426269531 58.36836242675781,107.38982391357422 58.666664123535156,106.94237518310547 59.0312614440918,106.39547729492188 59.661014556884766,106.12557983398438 60.655364990234375,105.42598724365234 60.68022537231445,105.40113067626953 61.649715423583984,104.84712982177734 62.42033767700195,104.40677642822266 62.644065856933594,103.5118637084961 
      62.693782806396484,103.41242980957031 62.644065856933594,103.36270904541016 62.014312744140625,102.41807556152344 61.699432373046875,101.4237289428711 62.465084075927734,100.42937469482422 62.644065856933594,100.28022003173828 63.6384162902832,99.85265350341797 64.63276672363281,99.45988464355469 64.68248748779297,99.43502807617188 65.62711334228516,99.12014770507812 
      66.62146759033203,99.05717468261719 67.61581420898438,99.13671875 68.51073455810547,99.43502807617188 68.61016845703125,99.53446197509766 69.50508117675781,100.42937469482422 69.50508117675781,101.4237289428711 69.50508117675781,102.41807556152344 69.6045150756836,102.51750946044922 70.49943542480469,103.41242980957031 70.54914855957031,104.40677642822266 
      70.59886932373047,104.50621032714844 71.04632568359375,105.40113067626953 71.49378204345703,106.39547729492188 71.59321594238281,106.49491119384766 72.4881362915039,107.38982391357422 72.4881362915039,108.3841781616211 72.4881362915039,109.37852478027344 72.58757019042969,109.47795867919922 73.48248291015625,110.37287902832031 73.58191680908203,110.42259979248047 
      74.5762710571289,110.73747253417969 75.57061767578125,110.73747253417969 76.56497192382812,110.73747253417969 77.55931854248047,110.9197769165039 78.55367279052734,110.4723129272461 79.54801940917969,110.4723129272461 80.44293975830078,111.36722564697266 80.44293975830078,112.36157989501953 80.44293975830078,113.35592651367188 80.44293975830078,114.35028076171875 
      80.54237365722656,114.4000015258789 81.5367202758789,114.3834228515625 82.53107452392578,114.3834228515625 83.52542114257812,114.3834228515625 84.519775390625,114.4000015258789 85.46440124511719,115.3446273803711 85.51412200927734,115.44406127929688 85.96157836914062,116.33898162841797 85.96157836914062,117.33332824707031 86.40904235839844,118.32768249511719 
      86.40904235839844,119.32202911376953 86.40904235839844,120.3163833618164 86.45874786376953,121.31072998046875 86.45874786376953,122.30508422851562 86.50846862792969,122.4045181274414 87.40338897705078,123.29943084716797 86.50846862792969,124.19435119628906 86.45874786376953,124.29378509521484 85.51412200927734,124.56368255615234 84.519775390625,124.65423583984375 
      83.52542114257812,124.70572662353516 82.53107452392578,124.76609802246094 81.83502960205078,125.28813171386719 81.5367202758789,125.51185607910156 80.54237365722656,126.009033203125 79.99547576904297,126.28248596191406 79.54801940917969,126.72993469238281 78.55367279052734,127.2519760131836 78.50395202636719,127.2768325805664 78.50395202636719,128.27117919921875 
      78.50395202636719,129.26553344726562 78.55367279052734,129.36497497558594 79.4485855102539,130.2598876953125 78.55367279052734,130.70733642578125 78.28022003173828,131.2542266845703 77.55931854248047,131.51638793945312 76.56497192382812,131.69717407226562 75.57061767578125,131.96836853027344 74.95411682128906,132.2485809326172 74.5762710571289,132.62643432617188 
      73.58191680908203,133.0109100341797 72.88587951660156,133.24293518066406 73.53219604492188,134.23728942871094 73.54877471923828,135.23162841796875 73.53219604492188,136.22598266601562 72.9024429321289,137.2203369140625 72.58757019042969,137.28781127929688 71.59321594238281,137.36395263671875 70.59886932373047,137.41424560546875 69.6045150756836,137.48248291015625 
      68.61016845703125,137.9412384033203 68.33672332763672,138.21469116210938 67.61581420898438,138.38430786132812 66.62146759033203,138.55978393554688 65.62711334228516,138.76779174804688 64.63276672363281,139.04840087890625 64.28474426269531,139.2090301513672 63.6384162902832,139.43714904785156 62.644065856933594,139.48838806152344 61.649715423583984,139.45265197753906 
      60.655364990234375,139.378662109375 59.661014556884766,139.34397888183594 58.666664123535156,139.4973907470703 57.67231369018555,139.62098693847656 56.67796325683594,139.6813507080078 55.73332977294922,139.2090301513672 55.68361282348633,139.10958862304688 55.385311126708984,138.21469116210938 55.385311126708984,137.2203369140625 54.68926239013672,136.5242919921875 
      53.69491195678711,136.44972229003906 52.700565338134766,136.40496826171875 51.706214904785156,136.44972229003906 50.71186447143555,136.44972229003906 50.264404296875,136.22598266601562 50.264404296875,135.23162841796875 50.264404296875,134.23728942871094 49.81694793701172,133.24293518066406 49.71751403808594,133.21807861328125 48.72316360473633,133.06063842773438 
      47.72881317138672,133.086669921875 46.73446273803711,133.086669921875 46.18756866455078,133.24293518066406 45.7401123046875,133.54124450683594 44.74576187133789,134.01852416992188 43.75141143798828,134.08102416992188 42.75706100463867,133.86666870117188 41.76271057128906,133.59095764160156 40.788246154785156,133.24293518066406 40.76836013793945,133.19320678710938 
      40.49846649169922,132.2485809326172 40.35641860961914,131.2542266845703 40.35641860961914,130.2598876953125 40.76836013793945,129.77928161621094 41.53898239135742,129.26553344726562 41.76271057128906,128.81808471679688 42.75706100463867,128.4899444580078 43.75141143798828,128.29107666015625 43.85084533691406,128.27117919921875 44.74576187133789,127.37627410888672 
      44.79547882080078,127.2768325805664 44.79547882080078,126.28248596191406 44.74576187133789,126.18305206298828 43.85084533691406,125.28813171386719 43.75141143798828,125.25498962402344 42.75706100463867,125.01468658447266 41.76271057128906,124.7412338256836 41.46440505981445,124.29378509521484 41.29039764404297,123.29943084716797 40.76836013793945,122.77739715576172 
      40.29604721069336,122.30508422851562 40.29604721069336,121.31072998046875 40.29604721069336,120.3163833618164 40.76836013793945,120.0464859008789 </gml:coordinates>
  </gml:LinearRing>
  </gml:outerBoundaryIs>
</gml:Polygon>
</gml:Geometry><property name="label">30.1</property><property name="seq">0</property></gml:Feature><gml:Feature><gml:Geometry><gml:Polygon>
  <gml:outerBoundaryIs>
  <gml:LinearRing>
    <gml:coordinates>131.2542266845703,150.24632263183594 132.2485809326172,151.1660919189453 133.24293518066406,151.36000061035156 134.23728942871094,151.9566192626953 134.4610137939453,152.13558959960938 134.4610137939453,153.12994384765625 134.4610137939453,154.12428283691406 134.4610137939453,155.11863708496094 134.4610137939453,156.1129913330078 134.23728942871094,156.18756103515625 
      133.24293518066406,156.42787170410156 132.2485809326172,157.0576171875 131.2542266845703,157.00790405273438 130.3593292236328,156.1129913330078 130.80677795410156,155.11863708496094 130.80677795410156,154.12428283691406 130.30960083007812,153.12994384765625 130.29302978515625,152.13558959960938 130.3593292236328,151.1412353515625 131.2542266845703,150.24632263183594 </gml:coordinates>
  </gml:LinearRing>
  </gml:outerBoundaryIs>
</gml:Polygon>
</gml:Geometry><property name="label">30.1</property><property name="seq">1</property></gml:Feature><gml:Feature><gml:Geometry><gml:Polygon>
  <gml:outerBoundaryIs>
  <gml:LinearRing>
    <gml:coordinates>143.18643188476562,144.99615478515625 144.72767639160156,144.1807861328125 145.17514038085938,143.73333740234375 146.16949462890625,143.73333740234375 147.16383361816406,143.73333740234375 148.05874633789062,144.1807861328125 148.05874633789062,145.17514038085938 148.15818786621094,145.2745819091797 149.0531005859375,146.16949462890625 149.0531005859375,147.16383361816406 
      149.0531005859375,148.15818786621094 149.0531005859375,149.1525421142578 148.6056365966797,150.14688110351562 148.15818786621094,150.59434509277344 147.16383361816406,150.77664184570312 146.16949462890625,150.8677978515625 145.17514038085938,150.62750244140625 144.1807861328125,150.46728515625 143.18643188476562,150.3358154296875 142.24180603027344,150.14688110351562 
      142.5566864013672,149.1525421142578 142.73898315429688,148.15818786621094 142.73898315429688,147.16383361816406 142.73898315429688,146.16949462890625 142.73898315429688,145.17514038085938 143.18643188476562,144.99615478515625 </gml:coordinates>
  </gml:LinearRing>
  </gml:outerBoundaryIs>
</gml:Polygon>
</gml:Geometry><property name="label">30.1</property><property name="seq">2</property></gml:Feature><gml:Feature><gml:Geometry><gml:Polygon>
  <gml:outerBoundaryIs>
  <gml:LinearRing>
    <gml:coordinates>54.68926239013672,133.34237670898438 54.7886962890625,132.2485809326172 54.7886962890625,131.2542266845703 55.68361282348633,131.07525634765625 56.578529357910156,131.2542266845703 56.131072998046875,132.2485809326172 56.578529357910156,133.24293518066406 56.67796325683594,133.2926483154297 57.622596740722656,134.23728942871094 56.67796325683594,135.18191528320312 
      55.68361282348633,135.19850158691406 54.68926239013672,134.4610137939453 54.390960693359375,134.23728942871094 54.68926239013672,133.34237670898438 </gml:coordinates>
  </gml:LinearRing>
  </gml:outerBoundaryIs>
</gml:Polygon>
</gml:Geometry><property name="label">40.1</property><property name="seq">0</property></gml:Feature><gml:Feature><gml:Geometry><gml:Polygon>
  <gml:outerBoundaryIs>
  <gml:LinearRing>
    <gml:coordinates>57.67231369018555,120.68097686767578 58.666664123535156,119.37174987792969 58.76609802246094,119.32202911376953 58.76609802246094,118.32768249511719 58.71638107299805,117.33332824707031 58.666664123535156,117.23389434814453 58.219207763671875,116.33898162841797 58.666664123535156,116.18982696533203 59.661014556884766,115.709228515625 60.02560806274414,115.3446273803711 
      60.655364990234375,114.71487426757812 61.2022590637207,114.35028076171875 61.2022590637207,113.35592651367188 61.2022590637207,112.36157989501953 60.655364990234375,111.81468200683594 60.357059478759766,111.36722564697266 60.655364990234375,111.18824768066406 61.649715423583984,110.64632415771484 62.19660949707031,110.37287902832031 62.644065856933594,110.19389343261719 
      63.6384162902832,110.14915466308594 64.53333282470703,110.37287902832031 64.58304595947266,111.36722564697266 64.58304595947266,112.36157989501953 64.63276672363281,112.46101379394531 65.0802230834961,113.35592651367188 65.0802230834961,114.35028076171875 65.0802230834961,115.3446273803711 65.0802230834961,116.33898162841797 65.0802230834961,117.33332824707031 
      65.62711334228516,117.8802261352539 66.52203369140625,118.32768249511719 66.62146759033203,118.37740325927734 67.61581420898438,118.42711639404297 68.51073455810547,119.32202911376953 68.51073455810547,120.3163833618164 68.51073455810547,121.31072998046875 68.61016845703125,121.41016387939453 69.50508117675781,122.30508422851562 69.6045150756836,122.32994079589844 
      70.59886932373047,122.33822631835938 71.59321594238281,122.33822631835938 71.6926498413086,122.30508422851562 72.58757019042969,121.85762786865234 73.58191680908203,121.67533111572266 74.5762710571289,121.832763671875 75.57061767578125,121.832763671875 76.51525115966797,122.30508422851562 76.46553802490234,123.29943084716797 76.46553802490234,124.29378509521484 
      76.56497192382812,124.39321899414062 77.45988464355469,125.28813171386719 76.7886962890625,126.28248596191406 76.56497192382812,126.41032409667969 75.57061767578125,126.59735870361328 74.5762710571289,126.91223907470703 74.02937316894531,127.2768325805664 74.52655029296875,128.27117919921875 74.52655029296875,129.26553344726562 74.54312133789062,130.2598876953125 
      74.54312133789062,131.2542266845703 73.58191680908203,131.73483276367188 73.06817626953125,132.2485809326172 72.58757019042969,132.4888916015625 71.59321594238281,132.69985961914062 70.59886932373047,132.98606872558594 69.98236846923828,133.24293518066406 69.6045150756836,133.5128173828125 68.61016845703125,133.73182678222656 67.61581420898438,133.85818481445312 
      66.62146759033203,133.9654998779297 65.80609893798828,134.23728942871094 65.62711334228516,134.6847381591797 65.0802230834961,135.23162841796875 65.0802230834961,136.22598266601562 64.93107604980469,137.2203369140625 65.0802230834961,138.21469116210938 64.63276672363281,138.2835235595703 63.6384162902832,138.342529296875 63.190956115722656,138.21469116210938 
      63.190956115722656,137.2203369140625 62.693782806396484,136.22598266601562 62.644065856933594,136.17626953125 61.699432373046875,135.23162841796875 61.649715423583984,135.22398376464844 60.655364990234375,134.89190673828125 59.661014556884766,134.55767822265625 58.69981002807617,134.23728942871094 58.94011306762695,133.24293518066406 59.18870162963867,132.2485809326172 
      58.666664123535156,131.7265625 57.72203063964844,131.2542266845703 57.945762634277344,130.2598876953125 58.36836242675781,129.26553344726562 58.442935943603516,128.27117919921875 58.36836242675781,127.2768325805664 57.697174072265625,126.28248596191406 57.67231369018555,126.18305206298828 57.3740119934082,125.28813171386719 57.67231369018555,124.39321899414062 
      57.70545959472656,124.29378509521484 57.70545959472656,123.29943084716797 57.67231369018555,123.24971008300781 56.72768020629883,122.30508422851562 57.04255676269531,121.31072998046875 57.67231369018555,120.68097686767578 </gml:coordinates>
  </gml:LinearRing>
  </gml:outerBoundaryIs>
</gml:Polygon>
</gml:Geometry><property name="label">40.1</property><property name="seq">1</property></gml:Feature></gml:FeatureCollection>
